"Fecha","Grupo etario","Confirmados","En estudio","Notificaciones"
"2020-03-24","0-<1","0","0","0"
"2020-03-24","1-4","1","6","7"
"2020-03-24","5-9","1","0","1"
"2020-03-24","10-14","1","2","3"
"2020-03-24","15-19","0","5","5"
"2020-03-24","20-24","1","0","1"
"2020-03-24","25-29","2","12","14"
"2020-03-24","30-34","3","13","16"
"2020-03-24","35-39","0","6","6"
"2020-03-24","40-44","1","3","4"
"2020-03-24","45-49","1","4","5"
"2020-03-24","50-54","3","4","7"
"2020-03-24","55-59","1","7","8"
"2020-03-24","60-64","1","2","3"
"2020-03-24","65-69","3","1","4"
"2020-03-24","70-74","1","4","5"
"2020-03-24","75-79","0","1","1"
"2020-03-24","80-84","0","0","0"
"2020-03-25","0-<1","0","4","4"
"2020-03-25","1-4","1","2","3"
"2020-03-25","5-9","1","0","1"
"2020-03-25","10-14","1","4","5"
"2020-03-25","15-19","0","1","1"
"2020-03-25","20-24","2","6","8"
"2020-03-25","25-29","5","12","17"
"2020-03-25","30-34","7","13","20"
"2020-03-25","35-39","2","6","8"
"2020-03-25","40-44","3","6","9"
"2020-03-25","45-49","2","3","5"
"2020-03-25","50-54","4","4","8"
"2020-03-25","55-59","4","5","9"
"2020-03-25","60-64","2","0","2"
"2020-03-25","65-69","3","2","5"
"2020-03-25","70-74","2","1","3"
"2020-03-25","75-79","0","2","2"
"2020-03-25","80-84","0","1","1"
"2020-03-26","0-<1","0","5","5"
"2020-03-26","1-4","1","6","7"
"2020-03-26","5-9","1","0","1"
"2020-03-26","10-14","1","1","2"
"2020-03-26","15-19","0","1","1"
"2020-03-26","20-24","5","3","8"
"2020-03-26","25-29","7","11","18"
"2020-03-26","30-34","9","10","19"
"2020-03-26","35-39","4","8","12"
"2020-03-26","40-44","3","8","11"
"2020-03-26","45-49","3","7","10"
"2020-03-26","50-54","5","7","12"
"2020-03-26","55-59","5","9","14"
"2020-03-26","60-64","2","3","5"
"2020-03-26","65-69","5","4","9"
"2020-03-26","70-74","2","3","5"
"2020-03-26","75-79","1","2","3"
"2020-03-26","80-84","0","1","1"
"2020-03-26","85-89","1","0","1"
"2020-03-27","0-<1","0","5","5"
"2020-03-27","1-4","1","5","6"
"2020-03-27","5-9","1","0","1"
"2020-03-27","10-14","1","1","2"
"2020-03-27","15-19","0","3","3"
"2020-03-27","20-24","6","3","9"
"2020-03-27","25-29","7","12","19"
"2020-03-27","30-34","11","14","25"
"2020-03-27","35-39","4","10","14"
"2020-03-27","40-44","3","12","15"
"2020-03-27","45-49","4","10","14"
"2020-03-27","50-54","6","5","11"
"2020-03-27","55-59","7","9","16"
"2020-03-27","60-64","2","4","6"
"2020-03-27","65-69","7","4","11"
"2020-03-27","70-74","2","3","5"
"2020-03-27","75-79","1","3","4"
"2020-03-27","80-84","0","1","1"
"2020-03-27","85-89","1","0","1"
"2020-03-27","90-94","0","1","1"
"2020-03-28","0-<1","0","3","3"
"2020-03-28","1-4","1","2","3"
"2020-03-28","5-9","1","0","1"
"2020-03-28","10-14","1","0","1"
"2020-03-28","15-19","1","5","6"
"2020-03-28","20-24","7","2","9"
"2020-03-28","25-29","9","16","25"
"2020-03-28","30-34","15","10","25"
"2020-03-28","35-39","4","4","8"
"2020-03-28","40-44","3","7","10"
"2020-03-28","45-49","5","9","14"
"2020-03-28","50-54","7","7","14"
"2020-03-28","55-59","8","7","15"
"2020-03-28","60-64","3","3","6"
"2020-03-28","65-69","7","4","11"
"2020-03-28","70-74","2","3","5"
"2020-03-28","75-79","2","2","4"
"2020-03-28","80-84","0","1","1"
"2020-03-28","85-89","1","1","2"
"2020-03-28","90-94","0","1","1"
"2020-03-29","0-<1","0","1","1"
"2020-03-29","1-4","1","3","4"
"2020-03-29","5-9","1","0","1"
"2020-03-29","10-14","1","2","3"
"2020-03-29","15-19","2","2","4"
"2020-03-29","20-24","8","6","14"
"2020-03-29","25-29","9","12","21"
"2020-03-29","30-34","18","8","26"
"2020-03-29","35-39","5","5","10"
"2020-03-29","40-44","6","4","10"
"2020-03-29","45-49","6","6","12"
"2020-03-29","50-54","9","4","13"
"2020-03-29","55-59","9","4","13"
"2020-03-29","60-64","3","2","5"
"2020-03-29","65-69","7","2","9"
"2020-03-29","70-74","2","2","4"
"2020-03-29","75-79","2","2","4"
"2020-03-29","80-84","0","2","2"
"2020-03-29","85-89","1","0","1"
"2020-03-29","90-94","0","2","2"
"2020-03-30","0-<1","0","0","0"
"2020-03-30","1-4","1","5","6"
"2020-03-30","5-9","1","3","4"
"2020-03-30","10-14","1","1","2"
"2020-03-30","15-19","3","3","6"
"2020-03-30","20-24","9","15","24"
"2020-03-30","25-29","10","17","27"
"2020-03-30","30-34","19","14","33"
"2020-03-30","35-39","9","9","18"
"2020-03-30","40-44","7","12","19"
"2020-03-30","45-49","9","12","21"
"2020-03-30","50-54","10","14","24"
"2020-03-30","55-59","11","11","22"
"2020-03-30","60-64","4","5","9"
"2020-03-30","65-69","8","4","12"
"2020-03-30","70-74","4","3","7"
"2020-03-30","75-79","4","1","5"
"2020-03-30","80-84","0","1","1"
"2020-03-30","85-89","1","1","2"
"2020-03-30","90-94","0","1","1"
"2020-03-31","0-<1","0","1","1"
"2020-03-31","1-4","1","5","6"
"2020-03-31","5-9","2","2","4"
"2020-03-31","10-14","1","1","2"
"2020-03-31","15-19","4","6","10"
"2020-03-31","20-24","9","8","17"
"2020-03-31","25-29","12","11","23"
"2020-03-31","30-34","20","14","34"
"2020-03-31","35-39","11","8","19"
"2020-03-31","40-44","8","12","20"
"2020-03-31","45-49","13","6","19"
"2020-03-31","50-54","13","11","24"
"2020-03-31","55-59","14","7","21"
"2020-03-31","60-64","8","7","15"
"2020-03-31","65-69","8","2","10"
"2020-03-31","70-74","4","6","10"
"2020-03-31","75-79","4","5","9"
"2020-03-31","80-84","0","2","2"
"2020-03-31","85-89","1","0","1"
"2020-03-31","90-94","0","2","2"
"2020-04-01","0-<1","0","1","1"
"2020-04-01","1-4","1","5","6"
"2020-04-01","5-9","2","0","2"
"2020-04-01","10-14","1","3","4"
"2020-04-01","15-19","4","5","9"
"2020-04-01","20-24","9","14","23"
"2020-04-01","25-29","13","15","28"
"2020-04-01","30-34","21","20","41"
"2020-04-01","35-39","12","9","21"
"2020-04-01","40-44","9","13","22"
"2020-04-01","45-49","13","11","24"
"2020-04-01","50-54","13","10","23"
"2020-04-01","55-59","15","11","26"
"2020-04-01","60-64","11","9","20"
"2020-04-01","65-69","9","1","10"
"2020-04-01","70-74","5","3","8"
"2020-04-01","75-79","5","3","8"
"2020-04-01","80-84","0","4","4"
"2020-04-01","85-89","1","1","2"
"2020-04-01","90-94","0","3","3"
"2020-04-02","0-<1","0","2","2"
"2020-04-02","1-4","1","8","9"
"2020-04-02","5-9","2","0","2"
"2020-04-02","10-14","1","4","5"
"2020-04-02","15-19","4","8","12"
"2020-04-02","20-24","9","17","26"
"2020-04-02","25-29","13","18","31"
"2020-04-02","30-34","22","13","35"
"2020-04-02","35-39","13","9","22"
"2020-04-02","40-44","12","12","24"
"2020-04-02","45-49","14","10","24"
"2020-04-02","50-54","14","6","20"
"2020-04-02","55-59","16","16","32"
"2020-04-02","60-64","11","6","17"
"2020-04-02","65-69","9","7","16"
"2020-04-02","70-74","5","4","9"
"2020-04-02","75-79","5","3","8"
"2020-04-02","80-84","0","4","4"
"2020-04-02","85-89","1","4","5"
"2020-04-02","90-94","0","3","3"
"2020-04-02","95-99","0","1","1"
"2020-04-03","0-<1","1","1","2"
"2020-04-03","1-4","1","2","3"
"2020-04-03","5-9","2","0","2"
"2020-04-03","10-14","1","7","8"
"2020-04-03","15-19","4","5","9"
"2020-04-03","20-24","9","8","17"
"2020-04-03","25-29","14","11","25"
"2020-04-03","30-34","22","16","38"
"2020-04-03","35-39","14","9","23"
"2020-04-03","40-44","13","14","27"
"2020-04-03","45-49","15","10","25"
"2020-04-03","50-54","14","11","25"
"2020-04-03","55-59","17","15","32"
"2020-04-03","60-64","12","8","20"
"2020-04-03","65-69","10","8","18"
"2020-04-03","70-74","5","2","7"
"2020-04-03","75-79","5","3","8"
"2020-04-03","80-84","0","3","3"
"2020-04-03","85-89","1","2","3"
"2020-04-03","90-94","0","1","1"
"2020-04-04","0-<1","1","3","4"
"2020-04-04","1-4","1","5","6"
"2020-04-04","5-9","2","3","5"
"2020-04-04","10-14","1","3","4"
"2020-04-04","15-19","4","6","10"
"2020-04-04","20-24","9","13","22"
"2020-04-04","25-29","14","12","26"
"2020-04-04","30-34","23","16","39"
"2020-04-04","35-39","14","16","30"
"2020-04-04","40-44","14","11","25"
"2020-04-04","45-49","15","15","30"
"2020-04-04","50-54","15","13","28"
"2020-04-04","55-59","18","12","30"
"2020-04-04","60-64","12","4","16"
"2020-04-04","65-69","10","7","17"
"2020-04-04","70-74","6","2","8"
"2020-04-04","75-79","5","4","9"
"2020-04-04","80-84","0","2","2"
"2020-04-04","85-89","1","2","3"
"2020-04-04","90-94","0","1","1"
"2020-04-05","0-<1","1","1","2"
"2020-04-05","1-4","2","1","3"
"2020-04-05","5-9","2","1","3"
"2020-04-05","10-14","1","2","3"
"2020-04-05","15-19","4","3","7"
"2020-04-05","20-24","9","8","17"
"2020-04-05","25-29","15","7","22"
"2020-04-05","30-34","24","7","31"
"2020-04-05","35-39","15","6","21"
"2020-04-05","40-44","15","6","21"
"2020-04-05","45-49","15","8","23"
"2020-04-05","50-54","16","7","23"
"2020-04-05","55-59","19","7","26"
"2020-04-05","60-64","12","4","16"
"2020-04-05","65-69","12","4","16"
"2020-04-05","70-74","7","1","8"
"2020-04-05","75-79","6","1","7"
"2020-04-05","80-84","0","2","2"
"2020-04-05","85-89","1","1","2"
"2020-04-05","90-94","0","2","2"
"2020-04-06","0-<1","1","5","6"
"2020-04-06","1-4","2","7","9"
"2020-04-06","5-9","2","3","5"
"2020-04-06","10-14","1","3","4"
"2020-04-06","15-19","4","7","11"
"2020-04-06","20-24","10","9","19"
"2020-04-06","25-29","16","12","28"
"2020-04-06","30-34","24","21","45"
"2020-04-06","35-39","15","14","29"
"2020-04-06","40-44","17","8","25"
"2020-04-06","45-49","15","10","25"
"2020-04-06","50-54","17","8","25"
"2020-04-06","55-59","19","12","31"
"2020-04-06","60-64","12","6","18"
"2020-04-06","65-69","14","7","21"
"2020-04-06","70-74","8","4","12"
"2020-04-06","75-79","6","2","8"
"2020-04-06","80-84","0","3","3"
"2020-04-06","85-89","1","3","4"
"2020-04-06","90-94","0","5","5"
"2020-04-06","95-99","0","1","1"
"2020-04-07","0-<1","1","4","5"
"2020-04-07","1-4","2","12","14"
"2020-04-07","5-9","2","5","7"
"2020-04-07","10-14","1","4","5"
"2020-04-07","15-19","4","7","11"
"2020-04-07","20-24","10","10","20"
"2020-04-07","25-29","16","20","36"
"2020-04-07","30-34","25","27","52"
"2020-04-07","35-39","15","17","32"
"2020-04-07","40-44","18","16","34"
"2020-04-07","45-49","15","16","31"
"2020-04-07","50-54","17","18","35"
"2020-04-07","55-59","19","14","33"
"2020-04-07","60-64","12","13","25"
"2020-04-07","65-69","15","10","25"
"2020-04-07","70-74","8","8","16"
"2020-04-07","75-79","6","5","11"
"2020-04-07","80-84","0","3","3"
"2020-04-07","85-89","1","4","5"
"2020-04-07","90-94","0","3","3"
"2020-04-07","95-99","0","1","1"
"2020-04-08","0-<1","1","0","1"
"2020-04-08","1-4","2","5","7"
"2020-04-08","5-9","2","2","4"
"2020-04-08","10-14","1","0","1"
"2020-04-08","15-19","4","12","16"
"2020-04-08","20-24","10","8","18"
"2020-04-08","25-29","16","16","32"
"2020-04-08","30-34","27","18","45"
"2020-04-08","35-39","15","14","29"
"2020-04-08","40-44","18","7","25"
"2020-04-08","45-49","15","12","27"
"2020-04-08","50-54","17","8","25"
"2020-04-08","55-59","19","12","31"
"2020-04-08","60-64","12","4","16"
"2020-04-08","65-69","15","12","27"
"2020-04-08","70-74","8","11","19"
"2020-04-08","75-79","6","6","12"
"2020-04-08","80-84","0","3","3"
"2020-04-08","85-89","1","2","3"
"2020-04-08","90-94","0","3","3"
"2020-04-09","0-<1","1","0","1"
"2020-04-09","1-4","2","8","10"
"2020-04-09","5-9","2","5","7"
"2020-04-09","10-14","1","2","3"
"2020-04-09","15-19","4","9","13"
"2020-04-09","20-24","10","8","18"
"2020-04-09","25-29","18","18","36"
"2020-04-09","30-34","27","18","45"
"2020-04-09","35-39","15","14","29"
"2020-04-09","40-44","18","19","37"
"2020-04-09","45-49","16","12","28"
"2020-04-09","50-54","17","11","28"
"2020-04-09","55-59","20","10","30"
"2020-04-09","60-64","12","6","18"
"2020-04-09","65-69","17","13","30"
"2020-04-09","70-74","9","9","18"
"2020-04-09","75-79","6","3","9"
"2020-04-09","80-84","0","1","1"
"2020-04-09","85-89","1","4","5"
"2020-04-09","90-94","0","2","2"
"2020-04-10","0-<1","1","2","3"
"2020-04-10","1-4","2","8","10"
"2020-04-10","5-9","2","4","6"
"2020-04-10","10-14","1","1","2"
"2020-04-10","15-19","4","5","9"
"2020-04-10","20-24","10","8","18"
"2020-04-10","25-29","18","13","31"
"2020-04-10","30-34","28","17","45"
"2020-04-10","35-39","15","14","29"
"2020-04-10","40-44","18","10","28"
"2020-04-10","45-49","16","8","24"
"2020-04-10","50-54","17","9","26"
"2020-04-10","55-59","20","4","24"
"2020-04-10","60-64","12","4","16"
"2020-04-10","65-69","17","7","24"
"2020-04-10","70-74","9","2","11"
"2020-04-10","75-79","6","5","11"
"2020-04-10","80-84","0","4","4"
"2020-04-10","85-89","1","1","2"
"2020-04-10","90-94","0","3","3"
"2020-04-11","0-<1","1","2","3"
"2020-04-11","1-4","2","13","15"
"2020-04-11","5-9","2","7","9"
"2020-04-11","10-14","1","1","2"
"2020-04-11","15-19","4","5","9"
"2020-04-11","20-24","10","13","23"
"2020-04-11","25-29","19","12","31"
"2020-04-11","30-34","28","18","46"
"2020-04-11","35-39","15","12","27"
"2020-04-11","40-44","18","12","30"
"2020-04-11","45-49","17","8","25"
"2020-04-11","50-54","17","14","31"
"2020-04-11","55-59","20","10","30"
"2020-04-11","60-64","13","8","21"
"2020-04-11","65-69","17","10","27"
"2020-04-11","70-74","9","6","15"
"2020-04-11","75-79","6","7","13"
"2020-04-11","80-84","0","6","6"
"2020-04-11","85-89","1","3","4"
"2020-04-11","90-94","0","3","3"
"2020-04-11","95-99","0","1","1"
"2020-04-12","0-<1","1","2","3"
"2020-04-12","1-4","2","10","12"
"2020-04-12","5-9","2","5","7"
"2020-04-12","10-14","1","1","2"
"2020-04-12","15-19","4","5","9"
"2020-04-12","20-24","10","7","17"
"2020-04-12","25-29","21","11","32"
"2020-04-12","30-34","29","12","41"
"2020-04-12","35-39","15","14","29"
"2020-04-12","40-44","18","8","26"
"2020-04-12","45-49","17","7","24"
"2020-04-12","50-54","17","9","26"
"2020-04-12","55-59","20","7","27"
"2020-04-12","60-64","13","7","20"
"2020-04-12","65-69","17","7","24"
"2020-04-12","70-74","9","4","13"
"2020-04-12","75-79","6","3","9"
"2020-04-12","80-84","0","3","3"
"2020-04-12","85-89","1","1","2"
"2020-04-12","90-94","0","2","2"
"2020-04-13","0-<1","1","5","6"
"2020-04-13","1-4","2","15","17"
"2020-04-13","5-9","2","6","8"
"2020-04-13","10-14","1","1","2"
"2020-04-13","15-19","4","5","9"
"2020-04-13","20-24","10","6","16"
"2020-04-13","25-29","21","11","32"
"2020-04-13","30-34","29","13","42"
"2020-04-13","35-39","15","7","22"
"2020-04-13","40-44","18","8","26"
"2020-04-13","45-49","18","7","25"
"2020-04-13","50-54","17","7","24"
"2020-04-13","55-59","21","6","27"
"2020-04-13","60-64","13","5","18"
"2020-04-13","65-69","17","5","22"
"2020-04-13","70-74","9","3","12"
"2020-04-13","75-79","6","3","9"
"2020-04-13","80-84","0","7","7"
"2020-04-13","85-89","1","3","4"
"2020-04-13","90-94","0","3","3"
"2020-04-14","0-<1","1","6","7"
"2020-04-14","1-4","2","15","17"
"2020-04-14","5-9","2","6","8"
"2020-04-14","10-14","1","2","3"
"2020-04-14","15-19","4","7","11"
"2020-04-14","20-24","10","4","14"
"2020-04-14","25-29","21","15","36"
"2020-04-14","30-34","29","15","44"
"2020-04-14","35-39","15","11","26"
"2020-04-14","40-44","19","7","26"
"2020-04-14","45-49","19","12","31"
"2020-04-14","50-54","17","10","27"
"2020-04-14","55-59","21","6","27"
"2020-04-14","60-64","13","3","16"
"2020-04-14","65-69","17","7","24"
"2020-04-14","70-74","9","4","13"
"2020-04-14","75-79","6","5","11"
"2020-04-14","80-84","0","7","7"
"2020-04-14","85-89","1","2","3"
"2020-04-14","90-94","0","2","2"
"2020-04-14","95-99","0","1","1"
"2020-04-15","0-<1","1","5","6"
"2020-04-15","1-4","2","13","15"
"2020-04-15","5-9","2","6","8"
"2020-04-15","10-14","1","1","2"
"2020-04-15","15-19","4","3","7"
"2020-04-15","20-24","10","7","17"
"2020-04-15","25-29","22","13","35"
"2020-04-15","30-34","29","12","41"
"2020-04-15","35-39","15","9","24"
"2020-04-15","40-44","19","4","23"
"2020-04-15","45-49","19","14","33"
"2020-04-15","50-54","17","8","25"
"2020-04-15","55-59","21","5","26"
"2020-04-15","60-64","13","12","25"
"2020-04-15","65-69","17","5","22"
"2020-04-15","70-74","9","5","14"
"2020-04-15","75-79","6","3","9"
"2020-04-15","80-84","1","4","5"
"2020-04-15","85-89","1","3","4"
"2020-04-15","90-94","0","2","2"
"2020-04-16","0-<1","1","2","3"
"2020-04-16","1-4","2","11","13"
"2020-04-16","5-9","2","6","8"
"2020-04-16","10-14","1","2","3"
"2020-04-16","15-19","4","6","10"
"2020-04-16","20-24","10","12","22"
"2020-04-16","25-29","23","10","33"
"2020-04-16","30-34","30","15","45"
"2020-04-16","35-39","15","15","30"
"2020-04-16","40-44","19","9","28"
"2020-04-16","45-49","19","12","31"
"2020-04-16","50-54","17","12","29"
"2020-04-16","55-59","21","10","31"
"2020-04-16","60-64","13","9","22"
"2020-04-16","65-69","17","6","23"
"2020-04-16","70-74","10","3","13"
"2020-04-16","75-79","6","3","9"
"2020-04-16","80-84","1","2","3"
"2020-04-16","85-89","1","2","3"
"2020-04-16","90-94","0","3","3"
"2020-04-17","0-<1","1","3","4"
"2020-04-17","1-4","2","11","13"
"2020-04-17","5-9","2","5","7"
"2020-04-17","10-14","1","1","2"
"2020-04-17","15-19","4","6","10"
"2020-04-17","20-24","12","15","27"
"2020-04-17","25-29","23","13","36"
"2020-04-17","30-34","30","13","43"
"2020-04-17","35-39","17","9","26"
"2020-04-17","40-44","19","10","29"
"2020-04-17","45-49","19","13","32"
"2020-04-17","50-54","18","6","24"
"2020-04-17","55-59","21","4","25"
"2020-04-17","60-64","13","4","17"
"2020-04-17","65-69","17","8","25"
"2020-04-17","70-74","11","6","17"
"2020-04-17","75-79","6","5","11"
"2020-04-17","80-84","1","1","2"
"2020-04-17","85-89","1","2","3"
"2020-04-17","90-94","0","2","2"
"2020-04-17","95-99","0","1","1"
"2020-04-18","0-<1","1","5","6"
"2020-04-18","1-4","2","14","16"
"2020-04-18","5-9","2","8","10"
"2020-04-18","10-14","1","2","3"
"2020-04-18","15-19","4","7","11"
"2020-04-18","20-24","12","16","28"
"2020-04-18","25-29","24","22","46"
"2020-04-18","30-34","30","26","56"
"2020-04-18","35-39","17","13","30"
"2020-04-18","40-44","20","12","32"
"2020-04-18","45-49","19","14","33"
"2020-04-18","50-54","18","10","28"
"2020-04-18","55-59","21","4","25"
"2020-04-18","60-64","13","4","17"
"2020-04-18","65-69","17","5","22"
"2020-04-18","70-74","11","6","17"
"2020-04-18","75-79","7","2","9"
"2020-04-18","80-84","1","5","6"
"2020-04-18","85-89","1","3","4"
"2020-04-18","90-94","0","2","2"
"2020-04-19","0-<1","1","3","4"
"2020-04-19","1-4","2","11","13"
"2020-04-19","5-9","2","9","11"
"2020-04-19","10-14","1","3","4"
"2020-04-19","15-19","4","7","11"
"2020-04-19","20-24","12","10","22"
"2020-04-19","25-29","24","15","39"
"2020-04-19","30-34","30","24","54"
"2020-04-19","35-39","17","10","27"
"2020-04-19","40-44","20","8","28"
"2020-04-19","45-49","20","16","36"
"2020-04-19","50-54","18","6","24"
"2020-04-19","55-59","21","7","28"
"2020-04-19","60-64","13","5","18"
"2020-04-19","65-69","17","4","21"
"2020-04-19","70-74","11","7","18"
"2020-04-19","75-79","7","1","8"
"2020-04-19","80-84","1","5","6"
"2020-04-19","85-89","1","4","5"
"2020-04-19","90-94","0","2","2"
"2020-04-20","0-<1","1","6","7"
"2020-04-20","1-4","2","13","15"
"2020-04-20","5-9","2","11","13"
"2020-04-20","10-14","1","3","4"
"2020-04-20","15-19","4","6","10"
"2020-04-20","20-24","12","13","25"
"2020-04-20","25-29","26","14","40"
"2020-04-20","30-34","30","20","50"
"2020-04-20","35-39","17","11","28"
"2020-04-20","40-44","20","8","28"
"2020-04-20","45-49","20","13","33"
"2020-04-20","50-54","18","11","29"
"2020-04-20","55-59","21","7","28"
"2020-04-20","60-64","13","5","18"
"2020-04-20","65-69","17","5","22"
"2020-04-20","70-74","11","5","16"
"2020-04-20","75-79","7","3","10"
"2020-04-20","80-84","1","3","4"
"2020-04-20","85-89","1","2","3"
"2020-04-20","90-94","0","3","3"
"2020-04-21","0-<1","1","5","6"
"2020-04-21","1-4","2","14","16"
"2020-04-21","5-9","2","7","9"
"2020-04-21","10-14","1","3","4"
"2020-04-21","15-19","4","5","9"
"2020-04-21","20-24","12","8","20"
"2020-04-21","25-29","26","10","36"
"2020-04-21","30-34","30","14","44"
"2020-04-21","35-39","17","10","27"
"2020-04-21","40-44","20","5","25"
"2020-04-21","45-49","20","10","30"
"2020-04-21","50-54","18","9","27"
"2020-04-21","55-59","21","9","30"
"2020-04-21","60-64","13","5","18"
"2020-04-21","65-69","18","10","28"
"2020-04-21","70-74","11","5","16"
"2020-04-21","75-79","7","6","13"
"2020-04-21","80-84","1","2","3"
"2020-04-21","85-89","1","1","2"
"2020-04-21","90-94","0","3","3"
"2020-04-22","0-<1","1","2","3"
"2020-04-22","1-4","2","11","13"
"2020-04-22","5-9","2","5","7"
"2020-04-22","10-14","1","1","2"
"2020-04-22","15-19","5","4","9"
"2020-04-22","20-24","13","13","26"
"2020-04-22","25-29","26","13","39"
"2020-04-22","30-34","31","17","48"
"2020-04-22","35-39","18","4","22"
"2020-04-22","40-44","20","10","30"
"2020-04-22","45-49","20","13","33"
"2020-04-22","50-54","19","6","25"
"2020-04-22","55-59","21","7","28"
"2020-04-22","60-64","13","2","15"
"2020-04-22","65-69","18","9","27"
"2020-04-22","70-74","11","3","14"
"2020-04-22","75-79","7","3","10"
"2020-04-22","80-84","1","2","3"
"2020-04-22","85-89","1","1","2"
"2020-04-22","90-94","0","4","4"
"2020-04-22","95-99","0","1","1"
"2020-04-23","0-<1","1","6","7"
"2020-04-23","1-4","2","14","16"
"2020-04-23","5-9","3","4","7"
"2020-04-23","10-14","1","2","3"
"2020-04-23","15-19","5","4","9"
"2020-04-23","20-24","13","11","24"
"2020-04-23","25-29","28","12","40"
"2020-04-23","30-34","32","17","49"
"2020-04-23","35-39","18","4","22"
"2020-04-23","40-44","20","10","30"
"2020-04-23","45-49","21","10","31"
"2020-04-23","50-54","19","6","25"
"2020-04-23","55-59","21","11","32"
"2020-04-23","60-64","13","3","16"
"2020-04-23","65-69","18","5","23"
"2020-04-23","70-74","11","8","19"
"2020-04-23","75-79","7","1","8"
"2020-04-23","80-84","2","1","3"
"2020-04-23","85-89","1","2","3"
"2020-04-23","90-94","0","4","4"
"2020-04-23","95-99","0","1","1"
"2020-04-24","0-<1","1","5","6"
"2020-04-24","1-4","2","14","16"
"2020-04-24","5-9","3","6","9"
"2020-04-24","10-14","1","1","2"
"2020-04-24","15-19","5","5","10"
"2020-04-24","20-24","14","11","25"
"2020-04-24","25-29","29","12","41"
"2020-04-24","30-34","32","14","46"
"2020-04-24","35-39","18","10","28"
"2020-04-24","40-44","21","11","32"
"2020-04-24","45-49","21","8","29"
"2020-04-24","50-54","19","3","22"
"2020-04-24","55-59","21","7","28"
"2020-04-24","60-64","13","2","15"
"2020-04-24","65-69","18","8","26"
"2020-04-24","70-74","11","6","17"
"2020-04-24","75-79","7","5","12"
"2020-04-24","80-84","2","0","2"
"2020-04-24","85-89","1","2","3"
"2020-04-24","90-94","0","2","2"
"2020-04-25","0-<1","1","7","7"
"2020-04-25","1-4","2","15","18"
"2020-04-25","5-9","3","8","11"
"2020-04-25","10-14","1","2","3"
"2020-04-25","15-19","6","14","20"
"2020-04-25","20-24","14","15","29"
"2020-04-25","25-29","29","19","48"
"2020-04-25","30-34","32","20","52"
"2020-04-25","35-39","18","14","32"
"2020-04-25","40-44","22","11","33"
"2020-04-25","45-49","21","12","33"
"2020-04-25","50-54","20","11","31"
"2020-04-25","55-59","21","11","32"
"2020-04-25","60-64","13","5","18"
"2020-04-25","65-69","18","11","29"
"2020-04-25","70-74","11","5","16"
"2020-04-25","75-79","7","8","15"
"2020-04-25","80-84","2","3","5"
"2020-04-25","85-89","1","6","7"
"2020-04-25","90-94","0","2","2"
"2020-04-25","95-99","0","2","2"
"2020-04-26","0-<1","1","4","4"
"2020-04-26","1-4","2","11","14"
"2020-04-26","5-9","3","3","6"
"2020-04-26","10-14","1","1","2"
"2020-04-26","15-19","6","3","9"
"2020-04-26","20-24","14","6","20"
"2020-04-26","25-29","29","8","37"
"2020-04-26","30-34","32","8","40"
"2020-04-26","35-39","18","6","24"
"2020-04-26","40-44","22","5","27"
"2020-04-26","45-49","21","5","26"
"2020-04-26","50-54","20","3","23"
"2020-04-26","55-59","21","4","25"
"2020-04-26","60-64","13","1","14"
"2020-04-26","65-69","18","4","22"
"2020-04-26","70-74","11","3","14"
"2020-04-26","75-79","7","3","10"
"2020-04-26","80-84","2","1","3"
"2020-04-26","85-89","1","4","5"
"2020-04-26","90-94","0","2","2"
"2020-04-27","0-<1","1","6","7"
"2020-04-27","1-4","2","15","17"
"2020-04-27","5-9","3","6","9"
"2020-04-27","10-14","1","3","4"
"2020-04-27","15-19","6","8","14"
"2020-04-27","20-24","14","13","27"
"2020-04-27","25-29","29","27","56"
"2020-04-27","30-34","32","24","56"
"2020-04-27","35-39","18","18","36"
"2020-04-27","40-44","22","15","37"
"2020-04-27","45-49","21","11","32"
"2020-04-27","50-54","20","16","36"
"2020-04-27","55-59","21","10","31"
"2020-04-27","60-64","13","6","19"
"2020-04-27","65-69","18","9","27"
"2020-04-27","70-74","11","8","19"
"2020-04-27","75-79","7","6","13"
"2020-04-27","80-84","2","6","8"
"2020-04-27","85-89","1","7","8"
"2020-04-27","90-94","0","3","3"
"2020-04-28","0-<1","1","5","5"
"2020-04-28","1-4","2","11","14"
"2020-04-28","5-9","3","4","7"
"2020-04-28","10-14","2","2","4"
"2020-04-28","15-19","6","4","10"
"2020-04-28","20-24","14","14","28"
"2020-04-28","25-29","29","16","45"
"2020-04-28","30-34","32","17","49"
"2020-04-28","35-39","18","11","29"
"2020-04-28","40-44","22","15","37"
"2020-04-28","45-49","21","11","32"
"2020-04-28","50-54","20","3","23"
"2020-04-28","55-59","21","8","29"
"2020-04-28","60-64","13","8","21"
"2020-04-28","65-69","18","8","26"
"2020-04-28","70-74","11","7","18"
"2020-04-28","75-79","7","4","11"
"2020-04-28","80-84","2","3","5"
"2020-04-28","85-89","1","6","7"
"2020-04-28","90-94","0","3","3"
"2020-04-29","0-<1","1","4","5"
"2020-04-29","1-4","2","12","14"
"2020-04-29","5-9","3","7","10"
"2020-04-29","10-14","2","4","6"
"2020-04-29","15-19","6","7","13"
"2020-04-29","20-24","14","15","29"
"2020-04-29","25-29","29","12","41"
"2020-04-29","30-34","32","18","50"
"2020-04-29","35-39","18","12","30"
"2020-04-29","40-44","22","11","33"
"2020-04-29","45-49","21","11","32"
"2020-04-29","50-54","20","2","22"
"2020-04-29","55-59","21","7","28"
"2020-04-29","60-64","13","5","18"
"2020-04-29","65-69","18","7","25"
"2020-04-29","70-74","11","7","18"
"2020-04-29","75-79","7","3","10"
"2020-04-29","80-84","2","3","5"
"2020-04-29","85-89","1","6","7"
"2020-04-29","90-94","0","2","2"
"2020-04-30","0-<1","1","5","6"
"2020-04-30","1-4","2","12","14"
"2020-04-30","5-9","3","3","6"
"2020-04-30","10-14","2","1","3"
"2020-04-30","15-19","6","8","14"
"2020-04-30","20-24","14","14","28"
"2020-04-30","25-29","29","16","45"
"2020-04-30","30-34","32","15","47"
"2020-04-30","35-39","18","4","22"
"2020-04-30","40-44","22","11","33"
"2020-04-30","45-49","21","8","29"
"2020-04-30","50-54","20","11","31"
"2020-04-30","55-59","21","9","30"
"2020-04-30","60-64","13","4","17"
"2020-04-30","65-69","18","7","25"
"2020-04-30","70-74","11","8","19"
"2020-04-30","75-79","7","2","9"
"2020-04-30","80-84","2","4","6"
"2020-04-30","85-89","1","7","8"
"2020-04-30","90-94","0","3","3"
"2020-05-01","0-<1","1","4","5"
"2020-05-01","1-4","2","12","14"
"2020-05-01","5-9","3","6","9"
"2020-05-01","10-14","2","5","7"
"2020-05-01","15-19","6","8","14"
"2020-05-01","20-24","14","19","33"
"2020-05-01","25-29","29","16","45"
"2020-05-01","30-34","32","22","54"
"2020-05-01","35-39","18","16","34"
"2020-05-01","40-44","22","8","30"
"2020-05-01","45-49","21","8","29"
"2020-05-01","50-54","20","8","28"
"2020-05-01","55-59","21","9","30"
"2020-05-01","60-64","13","9","22"
"2020-05-01","65-69","18","9","27"
"2020-05-01","70-74","11","6","17"
"2020-05-01","75-79","7","3","10"
"2020-05-01","80-84","2","0","2"
"2020-05-01","85-89","1","4","5"
"2020-05-01","90-94","0","4","4"
"2020-05-02","0-<1","1","5","6"
"2020-05-02","1-4","2","8","10"
"2020-05-02","5-9","3","6","9"
"2020-05-02","10-14","2","1","3"
"2020-05-02","15-19","6","9","15"
"2020-05-02","20-24","14","12","26"
"2020-05-02","25-29","29","6","35"
"2020-05-02","30-34","32","15","47"
"2020-05-02","35-39","18","6","24"
"2020-05-02","40-44","22","8","30"
"2020-05-02","45-49","21","7","28"
"2020-05-02","50-54","20","7","27"
"2020-05-02","55-59","21","10","31"
"2020-05-02","60-64","13","8","21"
"2020-05-02","65-69","18","5","23"
"2020-05-02","70-74","11","7","18"
"2020-05-02","75-79","7","1","8"
"2020-05-02","80-84","2","1","3"
"2020-05-02","85-89","1","2","3"
"2020-05-02","90-94","0","3","3"
"2020-05-03","0-<1","1","6","7"
"2020-05-03","1-4","2","10","12"
"2020-05-03","5-9","3","7","10"
"2020-05-03","10-14","2","1","3"
"2020-05-03","15-19","6","9","15"
"2020-05-03","20-24","14","13","27"
"2020-05-03","25-29","29","12","41"
"2020-05-03","30-34","32","22","54"
"2020-05-03","35-39","18","11","29"
"2020-05-03","40-44","22","13","35"
"2020-05-03","45-49","21","7","28"
"2020-05-03","50-54","20","5","25"
"2020-05-03","55-59","21","12","33"
"2020-05-03","60-64","13","5","18"
"2020-05-03","65-69","18","7","25"
"2020-05-03","70-74","11","6","17"
"2020-05-03","75-79","7","2","9"
"2020-05-03","80-84","2","1","3"
"2020-05-03","85-89","1","5","6"
"2020-05-03","90-94","0","3","3"
"2020-05-04","0-<1","1","4","5"
"2020-05-04","1-4","2","10","12"
"2020-05-04","5-9","3","4","7"
"2020-05-04","10-14","2","4","6"
"2020-05-04","15-19","6","8","14"
"2020-05-04","20-24","14","11","25"
"2020-05-04","25-29","29","12","41"
"2020-05-04","30-34","32","18","50"
"2020-05-04","35-39","18","8","26"
"2020-05-04","40-44","22","18","40"
"2020-05-04","45-49","21","7","28"
"2020-05-04","50-54","20","7","27"
"2020-05-04","55-59","21","11","32"
"2020-05-04","60-64","13","4","17"
"2020-05-04","65-69","18","7","25"
"2020-05-04","70-74","11","8","19"
"2020-05-04","75-79","7","2","9"
"2020-05-04","80-84","2","5","7"
"2020-05-04","85-89","1","4","5"
"2020-05-04","90-94","0","7","7"
"2020-05-04","95-99","0","1","1"
"2020-05-05","0-<1","1","7","8"
"2020-05-05","1-4","2","12","14"
"2020-05-05","5-9","3","7","10"
"2020-05-05","10-14","2","3","5"
"2020-05-05","15-19","6","5","11"
"2020-05-05","20-24","14","9","23"
"2020-05-05","25-29","29","13","42"
"2020-05-05","30-34","33","14","47"
"2020-05-05","35-39","18","14","32"
"2020-05-05","40-44","22","11","33"
"2020-05-05","45-49","21","13","34"
"2020-05-05","50-54","20","6","26"
"2020-05-05","55-59","21","10","31"
"2020-05-05","60-64","13","6","19"
"2020-05-05","65-69","18","8","26"
"2020-05-05","70-74","11","7","18"
"2020-05-05","75-79","7","7","14"
"2020-05-05","80-84","2","4","6"
"2020-05-05","85-89","1","3","4"
"2020-05-05","90-94","0","5","5"
"2020-05-05","95-99","0","2","2"
"2020-05-06","0-<1","1","4","5"
"2020-05-06","1-4","2","7","9"
"2020-05-06","5-9","3","5","8"
"2020-05-06","10-14","2","2","4"
"2020-05-06","15-19","6","5","11"
"2020-05-06","20-24","14","9","23"
"2020-05-06","25-29","29","6","35"
"2020-05-06","30-34","33","16","49"
"2020-05-06","35-39","18","9","27"
"2020-05-06","40-44","22","11","33"
"2020-05-06","45-49","21","8","29"
"2020-05-06","50-54","20","6","26"
"2020-05-06","55-59","21","10","31"
"2020-05-06","60-64","13","6","19"
"2020-05-06","65-69","18","4","22"
"2020-05-06","70-74","11","4","15"
"2020-05-06","75-79","7","7","14"
"2020-05-06","80-84","2","0","2"
"2020-05-06","85-89","1","5","6"
"2020-05-06","90-94","0","4","4"
"2020-05-07","0-<1","1","8","9"
"2020-05-07","1-4","2","11","13"
"2020-05-07","5-9","3","5","8"
"2020-05-07","10-14","2","3","5"
"2020-05-07","15-19","6","5","11"
"2020-05-07","20-24","14","14","28"
"2020-05-07","25-29","29","10","39"
"2020-05-07","30-34","33","14","47"
"2020-05-07","35-39","18","6","24"
"2020-05-07","40-44","22","12","34"
"2020-05-07","45-49","21","9","30"
"2020-05-07","50-54","20","4","24"
"2020-05-07","55-59","21","8","29"
"2020-05-07","60-64","13","4","17"
"2020-05-07","65-69","18","4","22"
"2020-05-07","70-74","11","6","17"
"2020-05-07","75-79","7","6","13"
"2020-05-07","80-84","2","4","6"
"2020-05-07","85-89","1","5","6"
"2020-05-07","90-94","0","3","3"
"2020-05-08","0-<1","1","7","8"
"2020-05-08","1-4","2","9","11"
"2020-05-08","5-9","3","5","8"
"2020-05-08","10-14","2","2","4"
"2020-05-08","15-19","6","8","14"
"2020-05-08","20-24","14","9","23"
"2020-05-08","25-29","29","8","37"
"2020-05-08","30-34","33","10","43"
"2020-05-08","35-39","18","5","23"
"2020-05-08","40-44","22","12","34"
"2020-05-08","45-49","21","6","27"
"2020-05-08","50-54","20","6","26"
"2020-05-08","55-59","21","7","28"
"2020-05-08","60-64","13","4","17"
"2020-05-08","65-69","18","8","26"
"2020-05-08","70-74","11","6","17"
"2020-05-08","75-79","7","5","12"
"2020-05-08","80-84","2","1","3"
"2020-05-08","85-89","1","8","9"
"2020-05-08","90-94","0","4","4"
"2020-05-08","95-99","0","1","1"
"2020-05-09","0-<1","1","6","7"
"2020-05-09","1-4","2","8","10"
"2020-05-09","5-9","3","6","9"
"2020-05-09","10-14","2","3","5"
"2020-05-09","15-19","6","5","11"
"2020-05-09","20-24","14","9","23"
"2020-05-09","25-29","29","9","38"
"2020-05-09","30-34","33","10","43"
"2020-05-09","35-39","18","6","24"
"2020-05-09","40-44","22","12","34"
"2020-05-09","45-49","21","5","26"
"2020-05-09","50-54","20","7","27"
"2020-05-09","55-59","21","6","27"
"2020-05-09","60-64","13","4","17"
"2020-05-09","65-69","18","7","25"
"2020-05-09","70-74","11","5","16"
"2020-05-09","75-79","7","3","10"
"2020-05-09","80-84","2","2","4"
"2020-05-09","85-89","1","9","10"
"2020-05-09","90-94","0","3","3"
"2020-05-09","95-99","0","1","1"
"2020-05-10","0-<1","1","11","12"
"2020-05-10","1-4","2","12","14"
"2020-05-10","5-9","3","11","14"
"2020-05-10","10-14","2","9","11"
"2020-05-10","15-19","6","10","16"
"2020-05-10","20-24","14","11","25"
"2020-05-10","25-29","29","12","41"
"2020-05-10","30-34","33","17","50"
"2020-05-10","35-39","18","17","35"
"2020-05-10","40-44","22","16","38"
"2020-05-10","45-49","21","10","31"
"2020-05-10","50-54","20","8","28"
"2020-05-10","55-59","21","11","32"
"2020-05-10","60-64","13","9","22"
"2020-05-10","65-69","18","6","24"
"2020-05-10","70-74","11","6","17"
"2020-05-10","75-79","7","5","12"
"2020-05-10","80-84","2","1","3"
"2020-05-10","85-89","1","8","9"
"2020-05-10","90-94","0","4","4"
"2020-05-10","95-99","0","2","2"
"2020-05-11","0-<1","1","8","9"
"2020-05-11","1-4","2","11","13"
"2020-05-11","5-9","3","8","11"
"2020-05-11","10-14","2","4","6"
"2020-05-11","15-19","6","8","14"
"2020-05-11","20-24","14","11","25"
"2020-05-11","25-29","29","9","38"
"2020-05-11","30-34","33","21","54"
"2020-05-11","35-39","18","14","32"
"2020-05-11","40-44","22","18","40"
"2020-05-11","45-49","21","8","29"
"2020-05-11","50-54","20","5","25"
"2020-05-11","55-59","21","6","27"
"2020-05-11","60-64","13","6","19"
"2020-05-11","65-69","18","13","31"
"2020-05-11","70-74","11","10","21"
"2020-05-11","75-79","7","4","11"
"2020-05-11","80-84","2","3","5"
"2020-05-11","85-89","1","6","7"
"2020-05-11","90-94","0","5","5"
"2020-05-11","95-99","0","1","1"
"2020-05-12","0-<1","1","8","9"
"2020-05-12","1-4","2","10","12"
"2020-05-12","5-9","3","6","9"
"2020-05-12","10-14","2","5","7"
"2020-05-12","15-19","6","4","10"
"2020-05-12","20-24","14","17","31"
"2020-05-12","25-29","29","7","36"
"2020-05-12","30-34","33","12","45"
"2020-05-12","35-39","18","8","26"
"2020-05-12","40-44","22","12","34"
"2020-05-12","45-49","21","6","27"
"2020-05-12","50-54","20","8","28"
"2020-05-12","55-59","21","7","28"
"2020-05-12","60-64","13","6","19"
"2020-05-12","65-69","18","11","29"
"2020-05-12","70-74","11","5","16"
"2020-05-12","75-79","7","4","11"
"2020-05-12","80-84","2","2","4"
"2020-05-12","85-89","1","6","7"
"2020-05-12","90-94","0","3","3"
"2020-05-13","0-<1","1","5","6"
"2020-05-13","1-4","2","16","18"
"2020-05-13","5-9","3","6","9"
"2020-05-13","10-14","2","4","6"
"2020-05-13","15-19","6","4","10"
"2020-05-13","20-24","14","11","25"
"2020-05-13","25-29","29","12","41"
"2020-05-13","30-34","33","14","47"
"2020-05-13","35-39","18","18","36"
"2020-05-13","40-44","22","15","37"
"2020-05-13","45-49","21","6","27"
"2020-05-13","50-54","20","11","31"
"2020-05-13","55-59","21","8","29"
"2020-05-13","60-64","13","8","21"
"2020-05-13","65-69","18","13","31"
"2020-05-13","70-74","11","5","16"
"2020-05-13","75-79","7","6","13"
"2020-05-13","80-84","2","1","3"
"2020-05-13","85-89","1","9","10"
"2020-05-13","90-94","0","3","3"
"2020-05-13","95-99","0","1","1"
"2020-05-14","0-<1","1","7","8"
"2020-05-14","1-4","2","15","17"
"2020-05-14","5-9","3","7","10"
"2020-05-14","10-14","2","3","5"
"2020-05-14","15-19","6","10","16"
"2020-05-14","20-24","14","19","33"
"2020-05-14","25-29","29","10","39"
"2020-05-14","30-34","33","18","51"
"2020-05-14","35-39","18","12","30"
"2020-05-14","40-44","22","11","33"
"2020-05-14","45-49","21","9","30"
"2020-05-14","50-54","20","6","26"
"2020-05-14","55-59","21","8","29"
"2020-05-14","60-64","13","8","21"
"2020-05-14","65-69","18","10","28"
"2020-05-14","70-74","11","5","16"
"2020-05-14","75-79","7","4","11"
"2020-05-14","80-84","2","8","10"
"2020-05-14","85-89","1","9","10"
"2020-05-14","90-94","0","1","1"
"2020-05-14","95-99","0","3","3"
"2020-05-15","0-<1","1","5","6"
"2020-05-15","1-4","2","10","12"
"2020-05-15","5-9","3","6","9"
"2020-05-15","10-14","2","5","7"
"2020-05-15","15-19","6","4","10"
"2020-05-15","20-24","14","17","31"
"2020-05-15","25-29","29","13","42"
"2020-05-15","30-34","33","14","47"
"2020-05-15","35-39","18","8","26"
"2020-05-15","40-44","22","17","39"
"2020-05-15","45-49","21","9","30"
"2020-05-15","50-54","20","7","27"
"2020-05-15","55-59","21","9","30"
"2020-05-15","60-64","13","6","19"
"2020-05-15","65-69","18","11","29"
"2020-05-15","70-74","11","8","19"
"2020-05-15","75-79","7","4","11"
"2020-05-15","80-84","2","6","8"
"2020-05-15","85-89","1","6","7"
"2020-05-15","90-94","0","5","5"
"2020-05-16","0-<1","1","10","11"
"2020-05-16","1-4","2","16","18"
"2020-05-16","5-9","3","10","13"
"2020-05-16","10-14","2","10","12"
"2020-05-16","15-19","6","6","12"
"2020-05-16","20-24","14","14","28"
"2020-05-16","25-29","29","12","41"
"2020-05-16","30-34","33","14","47"
"2020-05-16","35-39","18","6","24"
"2020-05-16","40-44","22","9","31"
"2020-05-16","45-49","22","9","31"
"2020-05-16","50-54","20","11","31"
"2020-05-16","55-59","21","8","29"
"2020-05-16","60-64","13","9","22"
"2020-05-16","65-69","18","10","28"
"2020-05-16","70-74","11","8","19"
"2020-05-16","75-79","7","4","11"
"2020-05-16","80-84","2","3","5"
"2020-05-16","85-89","1","5","6"
"2020-05-16","90-94","0","2","2"
"2020-05-17","0-<1","1","11","12"
"2020-05-17","1-4","2","18","20"
"2020-05-17","5-9","3","12","15"
"2020-05-17","10-14","2","8","10"
"2020-05-17","15-19","6","10","16"
"2020-05-17","20-24","14","22","36"
"2020-05-17","25-29","29","13","42"
"2020-05-17","30-34","33","17","50"
"2020-05-17","35-39","18","15","33"
"2020-05-17","40-44","22","17","39"
"2020-05-17","45-49","22","11","33"
"2020-05-17","50-54","20","11","31"
"2020-05-17","55-59","21","9","30"
"2020-05-17","60-64","13","11","24"
"2020-05-17","65-69","18","12","30"
"2020-05-17","70-74","11","10","21"
"2020-05-17","75-79","7","6","13"
"2020-05-17","80-84","2","4","6"
"2020-05-17","85-89","1","6","7"
"2020-05-17","90-94","0","2","2"
"2020-05-18","0-<1","1","9","10"
"2020-05-18","1-4","2","13","15"
"2020-05-18","5-9","4","7","11"
"2020-05-18","10-14","2","3","5"
"2020-05-18","15-19","6","4","10"
"2020-05-18","20-24","14","14","28"
"2020-05-18","25-29","29","14","43"
"2020-05-18","30-34","33","11","44"
"2020-05-18","35-39","19","10","29"
"2020-05-18","40-44","22","12","34"
"2020-05-18","45-49","22","9","31"
"2020-05-18","50-54","21","11","32"
"2020-05-18","55-59","21","13","34"
"2020-05-18","60-64","14","7","21"
"2020-05-18","65-69","18","10","28"
"2020-05-18","70-74","11","9","20"
"2020-05-18","75-79","7","4","11"
"2020-05-18","80-84","2","2","4"
"2020-05-18","85-89","1","7","8"
"2020-05-18","90-94","0","4","4"
"2020-05-19","0-<1","1","8","9"
"2020-05-19","1-4","2","12","14"
"2020-05-19","5-9","4","12","16"
"2020-05-19","10-14","2","6","8"
"2020-05-19","15-19","6","5","11"
"2020-05-19","20-24","14","18","32"
"2020-05-19","25-29","29","20","49"
"2020-05-19","30-34","33","15","48"
"2020-05-19","35-39","19","6","25"
"2020-05-19","40-44","22","14","36"
"2020-05-19","45-49","22","11","33"
"2020-05-19","50-54","21","8","29"
"2020-05-19","55-59","21","12","33"
"2020-05-19","60-64","14","6","20"
"2020-05-19","65-69","18","11","29"
"2020-05-19","70-74","11","9","20"
"2020-05-19","75-79","7","8","15"
"2020-05-19","80-84","2","5","7"
"2020-05-19","85-89","1","4","5"
"2020-05-19","90-94","0","4","4"
"2020-05-20","0-<1","1","9","10"
"2020-05-20","1-4","2","13","15"
"2020-05-20","5-9","4","10","14"
"2020-05-20","10-14","2","5","7"
"2020-05-20","15-19","6","11","17"
"2020-05-20","20-24","14","18","32"
"2020-05-20","25-29","29","15","44"
"2020-05-20","30-34","33","15","48"
"2020-05-20","35-39","19","9","28"
"2020-05-20","40-44","22","15","37"
"2020-05-20","45-49","22","15","37"
"2020-05-20","50-54","21","10","31"
"2020-05-20","55-59","21","13","34"
"2020-05-20","60-64","14","8","22"
"2020-05-20","65-69","18","14","32"
"2020-05-20","70-74","12","12","24"
"2020-05-20","75-79","7","5","12"
"2020-05-20","80-84","2","8","10"
"2020-05-20","85-89","2","7","9"
"2020-05-20","90-94","0","4","4"
"2020-05-21","0-<1","1","7","8"
"2020-05-21","1-4","2","14","16"
"2020-05-21","5-9","6","11","17"
"2020-05-21","10-14","2","4","6"
"2020-05-21","15-19","6","6","12"
"2020-05-21","20-24","14","21","35"
"2020-05-21","25-29","29","13","42"
"2020-05-21","30-34","33","18","51"
"2020-05-21","35-39","19","11","30"
"2020-05-21","40-44","22","14","36"
"2020-05-21","45-49","23","14","37"
"2020-05-21","50-54","21","9","30"
"2020-05-21","55-59","21","12","33"
"2020-05-21","60-64","14","7","21"
"2020-05-21","65-69","18","13","31"
"2020-05-21","70-74","12","7","19"
"2020-05-21","75-79","7","6","13"
"2020-05-21","80-84","2","7","9"
"2020-05-21","85-89","2","9","11"
"2020-05-21","90-94","0","3","3"
"2020-05-22","0-<1","1","10","11"
"2020-05-22","1-4","2","16","18"
"2020-05-22","5-9","6","7","13"
"2020-05-22","10-14","2","2","4"
"2020-05-22","15-19","7","7","14"
"2020-05-22","20-24","16","17","33"
"2020-05-22","25-29","29","12","41"
"2020-05-22","30-34","33","20","53"
"2020-05-22","35-39","19","12","31"
"2020-05-22","40-44","22","12","34"
"2020-05-22","45-49","24","8","32"
"2020-05-22","50-54","21","6","27"
"2020-05-22","55-59","21","8","29"
"2020-05-22","60-64","14","7","21"
"2020-05-22","65-69","18","14","32"
"2020-05-22","70-74","12","9","21"
"2020-05-22","75-79","7","6","13"
"2020-05-22","80-84","2","5","7"
"2020-05-22","85-89","2","3","5"
"2020-05-22","90-94","0","4","4"
"2020-05-22","95-99","0","1","1"
"2020-05-23","0-<1","1","11","12"
"2020-05-23","1-4","2","21","23"
"2020-05-23","5-9","6","17","23"
"2020-05-23","10-14","2","6","8"
"2020-05-23","15-19","7","10","17"
"2020-05-23","20-24","16","21","37"
"2020-05-23","25-29","29","25","54"
"2020-05-23","30-34","33","31","64"
"2020-05-23","35-39","19","21","40"
"2020-05-23","40-44","22","21","43"
"2020-05-23","45-49","24","15","39"
"2020-05-23","50-54","21","9","30"
"2020-05-23","55-59","21","13","34"
"2020-05-23","60-64","14","13","27"
"2020-05-23","65-69","18","17","35"
"2020-05-23","70-74","12","9","21"
"2020-05-23","75-79","7","11","18"
"2020-05-23","80-84","2","8","10"
"2020-05-23","85-89","2","6","8"
"2020-05-23","90-94","0","4","4"
"2020-05-23","95-99","0","3","3"
"2020-05-24","0-<1","1","12","13"
"2020-05-24","1-4","2","22","24"
"2020-05-24","5-9","6","12","18"
"2020-05-24","10-14","2","6","8"
"2020-05-24","15-19","7","10","17"
"2020-05-24","20-24","16","24","40"
"2020-05-24","25-29","29","23","52"
"2020-05-24","30-34","33","22","55"
"2020-05-24","35-39","19","16","35"
"2020-05-24","40-44","22","12","34"
"2020-05-24","45-49","24","16","40"
"2020-05-24","50-54","21","11","32"
"2020-05-24","55-59","21","8","29"
"2020-05-24","60-64","15","5","20"
"2020-05-24","65-69","18","14","32"
"2020-05-24","70-74","12","7","19"
"2020-05-24","75-79","7","6","13"
"2020-05-24","80-84","2","5","7"
"2020-05-24","85-89","2","6","8"
"2020-05-24","90-94","0","4","4"
"2020-05-25","0-<1","1","8","9"
"2020-05-25","1-4","2","17","19"
"2020-05-25","5-9","6","11","17"
"2020-05-25","10-14","2","3","5"
"2020-05-25","15-19","7","5","12"
"2020-05-25","20-24","16","13","29"
"2020-05-25","25-29","29","20","49"
"2020-05-25","30-34","33","15","48"
"2020-05-25","35-39","19","7","26"
"2020-05-25","40-44","22","10","32"
"2020-05-25","45-49","24","7","31"
"2020-05-25","50-54","21","8","29"
"2020-05-25","55-59","21","10","31"
"2020-05-25","60-64","15","9","24"
"2020-05-25","65-69","18","15","33"
"2020-05-25","70-74","12","10","22"
"2020-05-25","75-79","7","5","12"
"2020-05-25","80-84","2","7","9"
"2020-05-25","85-89","2","6","8"
"2020-05-25","90-94","0","2","2"
"2020-05-25","95-99","0","1","1"
"2020-05-26","0-<1","1","7","8"
"2020-05-26","1-4","2","13","15"
"2020-05-26","5-9","6","10","16"
"2020-05-26","10-14","2","4","6"
"2020-05-26","15-19","7","10","17"
"2020-05-26","20-24","17","15","32"
"2020-05-26","25-29","29","22","51"
"2020-05-26","30-34","33","18","51"
"2020-05-26","35-39","19","9","28"
"2020-05-26","40-44","22","15","37"
"2020-05-26","45-49","24","12","36"
"2020-05-26","50-54","21","8","29"
"2020-05-26","55-59","21","14","35"
"2020-05-26","60-64","15","11","26"
"2020-05-26","65-69","18","12","30"
"2020-05-26","70-74","12","6","18"
"2020-05-26","75-79","7","5","12"
"2020-05-26","80-84","2","6","8"
"2020-05-26","85-89","2","5","7"
"2020-05-26","90-94","0","2","2"
"2020-05-27","0-<1","1","10","11"
"2020-05-27","1-4","2","14","16"
"2020-05-27","5-9","6","7","13"
"2020-05-27","10-14","2","5","7"
"2020-05-27","15-19","7","13","20"
"2020-05-27","20-24","17","22","39"
"2020-05-27","25-29","29","22","51"
"2020-05-27","30-34","33","19","52"
"2020-05-27","35-39","19","10","29"
"2020-05-27","40-44","22","22","44"
"2020-05-27","45-49","24","16","40"
"2020-05-27","50-54","21","9","30"
"2020-05-27","55-59","21","11","32"
"2020-05-27","60-64","15","11","26"
"2020-05-27","65-69","18","10","28"
"2020-05-27","70-74","12","10","22"
"2020-05-27","75-79","7","5","12"
"2020-05-27","80-84","2","9","11"
"2020-05-27","85-89","2","9","11"
"2020-05-27","90-94","0","2","2"
"2020-05-27","95-99","0","1","1"
"2020-05-28","0-<1","1","8","9"
"2020-05-28","1-4","2","10","12"
"2020-05-28","5-9","6","7","13"
"2020-05-28","10-14","2","4","6"
"2020-05-28","15-19","7","11","18"
"2020-05-28","20-24","17","23","40"
"2020-05-28","25-29","29","19","48"
"2020-05-28","30-34","33","22","55"
"2020-05-28","35-39","19","12","31"
"2020-05-28","40-44","22","18","40"
"2020-05-28","45-49","24","12","36"
"2020-05-28","50-54","21","10","31"
"2020-05-28","55-59","21","11","32"
"2020-05-28","60-64","15","13","28"
"2020-05-28","65-69","18","14","32"
"2020-05-28","70-74","12","6","18"
"2020-05-28","75-79","7","10","17"
"2020-05-28","80-84","2","10","12"
"2020-05-28","85-89","2","6","8"
"2020-05-28","90-94","0","1","1"
"2020-05-28","95-99","0","1","1"
"2020-05-29","0-<1","1","7","8"
"2020-05-29","1-4","2","11","13"
"2020-05-29","5-9","6","4","10"
"2020-05-29","10-14","2","2","4"
"2020-05-29","15-19","7","6","13"
"2020-05-29","20-24","17","17","34"
"2020-05-29","25-29","29","22","51"
"2020-05-29","30-34","33","22","55"
"2020-05-29","35-39","19","11","30"
"2020-05-29","40-44","22","16","38"
"2020-05-29","45-49","24","9","33"
"2020-05-29","50-54","21","6","27"
"2020-05-29","55-59","21","8","29"
"2020-05-29","60-64","15","8","23"
"2020-05-29","65-69","18","12","30"
"2020-05-29","70-74","12","9","21"
"2020-05-29","75-79","7","8","15"
"2020-05-29","80-84","2","8","10"
"2020-05-29","85-89","2","5","7"
"2020-05-29","90-94","0","4","4"
"2020-05-30","0-<1","1","9","10"
"2020-05-30","1-4","2","15","17"
"2020-05-30","5-9","6","9","15"
"2020-05-30","10-14","2","4","6"
"2020-05-30","15-19","7","7","14"
"2020-05-30","20-24","17","18","35"
"2020-05-30","25-29","29","19","48"
"2020-05-30","30-34","33","15","48"
"2020-05-30","35-39","19","14","33"
"2020-05-30","40-44","22","8","30"
"2020-05-30","45-49","26","7","33"
"2020-05-30","50-54","21","4","25"
"2020-05-30","55-59","21","5","26"
"2020-05-30","60-64","15","8","23"
"2020-05-30","65-69","18","11","29"
"2020-05-30","70-74","12","9","21"
"2020-05-30","75-79","7","7","14"
"2020-05-30","80-84","2","3","5"
"2020-05-30","85-89","2","4","6"
"2020-05-30","90-94","0","4","4"
"2020-05-30","95-99","0","1","1"
"2020-05-31","0-<1","1","11","12"
"2020-05-31","1-4","2","20","22"
"2020-05-31","5-9","6","12","18"
"2020-05-31","10-14","2","7","9"
"2020-05-31","15-19","7","12","19"
"2020-05-31","20-24","17","24","41"
"2020-05-31","25-29","29","24","53"
"2020-05-31","30-34","33","13","46"
"2020-05-31","35-39","19","15","34"
"2020-05-31","40-44","22","10","32"
"2020-05-31","45-49","26","7","33"
"2020-05-31","50-54","21","11","32"
"2020-05-31","55-59","21","7","28"
"2020-05-31","60-64","15","8","23"
"2020-05-31","65-69","18","14","32"
"2020-05-31","70-74","12","10","22"
"2020-05-31","75-79","7","4","11"
"2020-05-31","80-84","2","4","6"
"2020-05-31","85-89","2","5","7"
"2020-05-31","90-94","0","2","2"
"2020-06-01","0-<1","1","8","9"
"2020-06-01","1-4","2","12","14"
"2020-06-01","5-9","6","2","8"
"2020-06-01","10-14","2","4","6"
"2020-06-01","15-19","7","8","15"
"2020-06-01","20-24","19","13","32"
"2020-06-01","25-29","29","16","45"
"2020-06-01","30-34","33","16","49"
"2020-06-01","35-39","19","14","33"
"2020-06-01","40-44","22","11","33"
"2020-06-01","45-49","27","7","34"
"2020-06-01","50-54","21","6","27"
"2020-06-01","55-59","21","11","32"
"2020-06-01","60-64","15","9","24"
"2020-06-01","65-69","18","11","29"
"2020-06-01","70-74","12","13","25"
"2020-06-01","75-79","7","6","13"
"2020-06-01","80-84","2","8","10"
"2020-06-01","85-89","2","7","9"
"2020-06-01","90-94","0","6","6"
"2020-06-01","95-99","0","1","1"
"2020-06-02","0-<1","1","9","10"
"2020-06-02","1-4","2","13","15"
"2020-06-02","5-9","6","3","9"
"2020-06-02","10-14","2","1","3"
"2020-06-02","15-19","7","7","14"
"2020-06-02","20-24","19","14","33"
"2020-06-02","25-29","29","21","50"
"2020-06-02","30-34","33","18","51"
"2020-06-02","35-39","19","15","34"
"2020-06-02","40-44","22","14","36"
"2020-06-02","45-49","27","11","38"
"2020-06-02","50-54","21","13","34"
"2020-06-02","55-59","21","11","32"
"2020-06-02","60-64","15","5","20"
"2020-06-02","65-69","18","16","34"
"2020-06-02","70-74","12","8","20"
"2020-06-02","75-79","7","8","15"
"2020-06-02","80-84","2","7","9"
"2020-06-02","85-89","2","7","9"
"2020-06-02","90-94","0","3","3"
